476.0, 435.0
482.0, 443.0
481.0, 445.0
484.0, 447.0
493.0, 459.0
490.0, 459.0
480.0, 447.0
481.0, 445.0
476.0, 443.0
473.0, 440.0
473.0, 435.0

442.0, 419.0
441.0, 416.0
443.0, 419.0
442.0, 420.0
445.0, 422.0
445.0, 423.0
446.0, 423.0
461.0, 435.0
462.0, 436.0
461.0, 436.0
471.0, 444.0
475.0, 449.0
476.0, 459.0
467.0, 459.0
454.0, 437.0
461.0, 436.0
461.0, 435.0
450.0, 430.0
445.0, 423.0
442.0, 423.0

201.0, 446.0
211.0, 447.0
206.0, 456.0
201.0, 457.0
206, 457
206.0, 458.0
202.0, 458.0
202.0, 457.0

587.0, 430.0
592.0, 436.0
599.0, 458.0
598.0, 457

464.0, 437.0
462.0, 436.0
463.0, 436.0
449.0, 423.0
453.0, 423.0
464.0, 436.0
463.0, 436.0
464.0, 437.0
466.0, 438.0
469.0, 442.0

213.0, 442.0
212.0, 444.0
209.0, 442.0

201.0, 439.0
209.0, 442.0
201.0, 443.0

470.0, 435.0
473.0, 440.0
474.0, 442.0
466.0, 438.0
464.0, 436.0

172.0, 310.0
177.0, 313.0
170.0, 315.0
179.0, 316.0
152.0, 336.0
161.0, 347.0
100.0, 378.0
100.0, 379.0
86.0, 386.0
94.0, 389.0
17, 437
53.0, 401.0
86.0, 386.0
85, 385
100.0, 378.0
100.0, 374.0
152.0, 336.0
144.0, 325.0
170.0, 315.0
154.0, 314.0
157.0, 310.0

238.0, 387.0
221.0, 424.0
205.0, 403.0

421.0, 403.0
423.0, 403.0
442.0, 419.0
442.0, 420.0
432.0, 421.0
434.0, 423.0
430.0, 423.0
429.0, 422.0
432.0, 421.0
428.0, 420.0

365, 422
348.0, 404.0
354.0, 401.0
393.0, 402.0
428.0, 420.0
429.0, 422.0

440.0, 402.0
441.0, 403.0
454.0, 404.0
463.0, 416.0
454.0, 418.0
441.0, 403.0
440.0, 403.0

198.0, 355.0
199.0, 382.0
191.0, 386.0
200.0, 397.0
154.0, 417.0
147.0, 414.0
150.0, 408.0
191.0, 386.0
176.0, 366.0

440.0, 383.0
466.0, 393.0
468.0, 404.0
490.0, 404.0
490.0, 412.0
470.0, 415.0
468.0, 404.0
454.0, 404.0

430.0, 403.0
433.0, 403.0
439.0, 412.0

534.0, 405.0
534, 409
528.0, 406.0

200.0, 397.0
205.0, 403.0
200.0, 406.0

501.0, 393.0
506.0, 395.0
506.0, 396.0
507.0, 397.0
514, 405
502.0, 405.0
506.0, 396.0

463.0, 367.0
492.0, 387.0
492.0, 388.0
494.0, 389.0
501.0, 405.0
499.0, 405.0
491.0, 402.0
492.0, 388.0
464.0, 374.0

491.0, 402.0
493.0, 405.0
490.0, 404.0

417.0, 377
438.0, 403.0
433.0, 403.0

310.0, 337.0
321.0, 341.0
322.0, 342.0
314.0, 345.0
315.0, 349.0
310.0, 351.0
314.0, 362.0
312.0, 363.0
315.0, 364.0
329.0, 401.0
295, 400
272.0, 370.0
274.0, 369.0
269.0, 366.0
294.0, 354.0
300.0, 356.0
274.0, 369.0
283, 374
312.0, 363.0
300.0, 356.0
310.0, 351.0
309.0, 347.0
314.0, 345.0

100.0, 355.0
100.0, 374.0
85.0, 385.0
55.0, 400

536.0, 339
535.0, 343.0
552.0, 349.0
555.0, 355.0
566.0, 357.0
580.0, 398.0
574.0, 399.0
555.0, 355.0
540.0, 351.0
535.0, 347.0
535.0, 343.0
534.0, 342.0

477.0, 352.0
493.0, 367.0
493.0, 374.0
512.0, 385.0
507.0, 395.0
506.0, 395.0
492.0, 379.0
493.0, 374.0
485.0, 370.0

148.0, 356.0
100.0, 385.0
100.0, 379.0

486.0, 371.0
492.0, 379.0
492.0, 385.0

490.0, 326.0
496.0, 329.0
495.0, 341.0
515.0, 346.0
526.0, 358.0
513.0, 384.0
493.0, 367.0
495.0, 341.0
472.0, 336.0

436.0, 361.0
464.0, 374.0
465.0, 383.0
436.0, 362.0

431.0, 358.0
432.0, 359.0
431.0, 359.0
436.0, 362.0
438.0, 380.0
425.0, 362.0
431.0, 359.0

413.0, 369.0
416.0, 375.0
411.0, 370.0

197.0, 332.0
198.0, 342.0
175.0, 365.0
176.0, 366.0
172.0, 368.0
166.0, 374.0
168.0, 370.0
172.0, 368.0
175.0, 365.0
172.0, 362.0
183.0, 339.0

334.0, 357.0
336.0, 359.0
334.0, 374.0
315.0, 364.0
314.0, 362.0
319.0, 360.0
321, 364

531.0, 349.0
535.0, 350.0
535.0, 369.0
526.0, 358.0

259.0, 353.0
269.0, 366.0
252.0, 356.0

548.0, 316.0
553.0, 317.0
565.0, 353.0
592, 363
566.0, 357.0
565.0, 353.0
552.0, 349.0
543.0, 326.0

398.0, 341.0
405.0, 341.0
416, 349
413.0, 345.0
415.0, 347.0
416, 349
418.0, 352.0
425.0, 355.0
422.0, 358.0
418.0, 352.0
400.0, 343.0

386.0, 339.0
394.0, 340.0
401.0, 358
398.0, 354

337.0, 346.0
345.0, 349.0
336.0, 353.0

235.0, 322.0
236.0, 323.0
258.0, 325.0
259.0, 327.0
249.0, 332.0
260.0, 337.0
255.0, 348.0
257.0, 351.0
253.0, 353.0
255.0, 348.0
244.0, 334.0
249.0, 332.0
239.0, 327.0
236.0, 323.0
235.0, 323.0

472.0, 340.0
492, 351
476.0, 349.0

535.0, 348.0
539.0, 351.0
535.0, 350.0

349.0, 348.0
346.0, 349.0
345.0, 349.0

434.0, 341.0
443.0, 346.0
453.0, 347.0
449.0, 349.0
443.0, 346.0
434.0, 345.0

167.0, 344.0
161.0, 348.0
161.0, 347.0

396.0, 319.0
398.0, 319.0
397.0, 320.0
404.0, 323.0
410.0, 324.0
410.0, 327.0
434.0, 340.0
434.0, 342.0
432.0, 344.0
427.0, 344.0
412.0, 334.0
410.0, 327.0
404.0, 323.0
398.0, 323.0
396.0, 320.0
397.0, 320.0
396.0, 319.0
395.0, 319.0
395.0, 318.0
392.0, 317.0
392.0, 315.0

343.0, 335.0
363.0, 337.0
363.0, 340.0
355.0, 344.0

446.0, 325.0
445.0, 325.0
449.0, 327.0
452.0, 332.0
456.0, 332.0
458.0, 334.0
458.0, 339.0
461.0, 342.0
459.0, 343.0
458.0, 339.0
452.0, 332.0
442.0, 329.0

387.0, 326.0
409.0, 342.0
405.0, 341.0
389.0, 330.0

314.0, 331.0
339.0, 334.0
323.0, 341.0
321.0, 341.0

498.0, 312.0
504.0, 318.0
499.0, 321.0
505.0, 325.0
513.0, 327.0
528.0, 340.0
521.0, 338.0
505.0, 325.0
497.0, 324.0
497.0, 322.0
499.0, 321.0
497.0, 319.0

385.0, 327.0
391.0, 333.0
393.0, 340.0
383.0, 334.0
379.0, 330.0

453.0, 329.0
449.0, 327.0
447.0, 325.0
445.0, 325.0
446.0, 324.0
447.0, 325.0
448.0, 325.0
453.0, 329.0
457.0, 332.0
457.0, 333.0
460.0, 333.0
469.0, 338.0
465.0, 340.0
458.0, 334.0

185.0, 317.0
184.0, 317.0
192.0, 321.0
187.0, 332.0
175.0, 339.0

363.0, 337.0
367.0, 337.0
365.0, 339.0

369.0, 322.0
377.0, 331.0
377.0, 332.0
372.0, 338.0
367.0, 337.0
377.0, 332.0
363.0, 325.0

338.0, 330.0
341.0, 333.0
338.0, 334.0
344.0, 335.0
338.0, 338.0

430.0, 305.0
454.0, 313.0
452.0, 315.0
455.0, 316.0
456.0, 325.0
466.0, 326.0
470.0, 336.0
460.0, 333.0
457.0, 332.0
456.0, 325.0
448.0, 325.0
446.0, 324.0
452.0, 315.0
436.0, 312.0

197.0, 324.0
198.0, 325.0
197.0, 326.0
197.0, 329.0
185.0, 335.0
187.0, 332.0
197.0, 326.0

390.0, 332.0
391.0, 333.0
391.0, 334.0

262.0, 326.0
265.0, 326.0
262.0, 333.0
259.0, 327.0

497.0, 324.0
503.0, 331.0
496.0, 329.0

303.0, 330.0
302.0, 327.0
306.0, 325.0
308.0, 330.0

277.0, 319.0
299.0, 320.0
302.0, 327.0
297.0, 329.0
287.0, 328.0
276.0, 324.0

544.0, 200.0
542.0, 211.0
553.0, 220.0
557.0, 229.0
554.0, 231.0
559.0, 234.0
574.0, 267.0
572.0, 270.0
576.0, 270.0
597.0, 319
595, 329
553.0, 317.0
551.0, 310.0
564.0, 285.0
572, 281
567.0, 279.0
572.0, 270.0
564.0, 267.0
538.0, 243.0
538.0, 239.0
554.0, 231.0
540.0, 221.0
542.0, 211.0
538.0, 208.0
539.0, 203.0

522.0, 308.0
524.0, 309.0
520, 328
513.0, 327.0
504.0, 318.0

347.0, 321.0
357.0, 322.0
361.0, 324.0
353.0, 328.0

405.0, 306.0
414.0, 308.0
416.0, 309.0
407.0, 314.0
409.0, 322.0
418.0, 324.0
432.0, 324.0
432.0, 327.0
418.0, 324.0
410.0, 324.0
409.0, 322.0
398.0, 319.0
407.0, 314.0

282.0, 298.0
278.0, 299.0
282.0, 300.0
280.0, 308.0
274.0, 308.0
269.0, 318.0
277.0, 319.0
270.0, 322.0
276.0, 324.0
275.0, 327.0
265.0, 326.0
266.0, 324.0
270.0, 322.0
268.0, 321.0
269.0, 318.0
259.0, 318.0
254.0, 316.0
250.0, 308.0
274.0, 308.0
278.0, 299.0
280.0, 295.0
286.0, 294.0
280.0, 293.0
281.0, 293.0
283.0, 292.0
282.0, 290.0
284.0, 286.0
285.0, 286.0
284.0, 291.0
283.0, 292
283.0, 294.0

380.0, 323.0
383.0, 323.0
384.0, 324.0
383.0, 325.0

396.0, 323.0
398.0, 323.0
400.0, 326.0

385.0, 323.0
384.0, 324.0
385.0, 325.0
384.0, 323.0

155.0, 300.0
163.0, 305.0
157.0, 310.0
145.0, 311.0
143.0, 312.0
154.0, 314.0
143.0, 325.0
138.0, 318.0
143.0, 312.0
132.0, 311.0
145.0, 311.0

385.0, 323.0
386.0, 322.0
385.0, 319.0
388.0, 320.0
386.0, 322.0
386.0, 323.0

365.0, 313.0
371.0, 317.0
375.0, 318.0
373.0, 319.0
375.0, 319.0
372.0, 321.0
373.0, 322.0
369.0, 322.0
372.0, 321.0
371.0, 320.0
373.0, 319.0
371.0, 317.0
368.0, 316.0

346.0, 312.0
360.0, 315.0
361.0, 322.0
357.0, 322.0
341.0, 314.0

222.0, 317.0
230.0, 317.0
224.0, 320.0
229.0, 322.0
221.0, 321.0
224.0, 320.0
221.0, 318.0

393.0, 318.0
395.0, 319.0
396.0, 320.0
394.0, 322.0
393, 321
393.0, 318.0
390.0, 318.0
391.0, 316.0

336.0, 310.0
337.0, 311.0
336.0, 311.0
339.0, 313.0
340.0, 314.0
340.0, 315.0
327.0, 321.0
324.0, 318.0
336.0, 311.0
333.0, 310.0

218.0, 317.0
222.0, 317.0
220.0, 318.0
221.0, 318.0
218.0, 321.0
215.0, 320.0
220.0, 318.0

311.0, 307.0
321.0, 316.0
321.0, 317.0
315.0, 320.0
305.0, 320.0
302.0, 316
300.0, 309.0
302.0, 307.0

462.0, 302.0
472.0, 319.0
466.0, 318.0
461.0, 316.0
458.0, 308.0

376.0, 317.0
380.0, 316.0
380.0, 315.0
372.0, 313.0
363.0, 304.0
365.0, 303.0
359.0, 299.0
360.0, 299.0
360.0, 298.0
361.0, 298.0
360.0, 299.0
366.0, 302.0
365.0, 303.0
377.0, 310.0
380.0, 315.0
380.0, 316.0
381.0, 316.0
377.0, 318.0

248.0, 308.0
241.0, 312.0
254.0, 316.0
254.0, 318.0
238.0, 317.0
241.0, 312.0
243.0, 309.0

417.0, 308.0
431.0, 311.0
431.0, 318.0
416.0, 309.0

384.0, 269.0
385.0, 276.0
384.0, 276.0
385.0, 277.0
386.0, 282.0
381.0, 285.0
383.0, 286.0
381.0, 287.0
387.0, 289.0
381.0, 290.0
383.0, 291.0
376.0, 291.0
379.0, 296.0
375.0, 298.0
376.0, 301.0
383.0, 302.0
390.0, 311.0
386.0, 313.0
386.0, 314.0
384.0, 315.0
387.0, 317.0
383.0, 316.0
383.0, 315.0
384.0, 315.0
383.0, 314.0
386.0, 313.0
380.0, 310.0
376.0, 301.0
372.0, 300.0
375.0, 298.0
373.0, 292.0
374.0, 291.0
376.0, 291.0
375.0, 290.0
381.0, 290.0
379.0, 289.0
381.0, 287.0
378.0, 286.0
381.0, 285.0
373.0, 279.0
384.0, 276.0
376.0, 274.0
378.0, 272.0

239.0, 309.0
236.0, 310.0
241.0, 312.0
231.0, 316.0
229.0, 314.0
236.0, 310.0
233.0, 309.0

383.0, 315.0
382.0, 316.0
380.0, 315.0

225.0, 309.0
226.0, 310.0
220.0, 312.0
215.0, 315.0
212.0, 313.0
220.0, 312.0
225.0, 309.0
224.0, 309.0
228.0, 307.0
230.0, 308.0
229.0, 309.0

359.0, 299.0
359.0, 300.0
363.0, 304.0
360.0, 305.0
359.0, 305.0
370.0, 313.0
364.0, 312.0
360.0, 306.0
359.0, 305.0
360.0, 305.0
359.0, 300.0
358.0, 300.0

451.0, 292
458.0, 308.0
454.0, 312.0

100.0, 308.0
100.0, 312.0
89, 312
96.0, 307.0

390.0, 303.0
400.0, 305.0
399.0, 307.0
391.0, 311.0
390.0, 312.0
390.0, 311.0
391.0, 311.0

356.0, 307.0
359.0, 311.0
360.0, 311.0
360.0, 312.0
359.0, 311.0
352.0, 309.0

110.0, 309.0
120.0, 310.0
118.0, 311.0
105.0, 312.0

430.0, 309.0
433.0, 311.0
431.0, 311.0

228.0, 310.0
227.0, 311.0
226.0, 310.0

190.0, 308.0
188.0, 310.0
188.0, 309.0

360.0, 306.0
360.0, 309.0
357.0, 307.0
360.0, 305.0
356.0, 303.0
357.0, 302.0
359.0, 305.0

227.0, 294.0
224.0, 297.0
220.0, 297.0
217.0, 298.0
219.0, 301.0
217, 303
222.0, 305.0
225.0, 309.0
204.0, 309.0
199.0, 307.0
200.0, 304.0
217.0, 298.0
216.0, 297.0
220.0, 297.0

243.0, 296.0
246.0, 301.0
244.0, 306.0
242.0, 307.0
234.0, 309.0
233.0, 309.0
230.0, 308.0
242.0, 296.0

125.0, 302.0
126.0, 303.0
119, 308

290.0, 301.0
292.0, 302.0
294.0, 306.0
295.0, 307.0
294.0, 307.0
294.0, 306.0

254, 287
273.0, 291.0
266.0, 295.0
259.0, 295.0
264.0, 296.0
248.0, 304.0
248.0, 306.0
244.0, 307.0
244.0, 306.0
248.0, 304.0
246.0, 301.0
249.0, 296.0
259.0, 295.0
250.0, 294.0

330.0, 304.0
340.0, 306.0
332.0, 306.0

87.0, 302.0
85.0, 306.0
67.0, 304.0
67.0, 303.0

203.0, 299.0
200.0, 304.0
196.0, 306.0
196.0, 303.0

405.0, 304.0
402.0, 306.0
400.0, 305.0
403.0, 302.0

338.0, 293.0
342.0, 294.0
342.0, 296.0
350.0, 302.0
341.0, 306.0
342.0, 296.0

305.0, 299.0
313.0, 300.0
315.0, 301.0
308.0, 305.0
303.0, 300.0

118.0, 293.0
123.0, 300.0
119.0, 301.0
105.0, 301.0
100.0, 305.0
100.0, 301.0
105.0, 301.0

408.0, 283.0
410.0, 283.0
411.0, 288.0
407.0, 288.0
409.0, 290.0
401.0, 290.0
402.0, 295.0
408.0, 297.0
405.0, 300.0
409.0, 303.0
406.0, 304.0
405.0, 305.0
405.0, 304.0
406.0, 304.0
404.0, 303.0
404.0, 301.0
405.0, 300.0
403.0, 299.0
402.0, 295.0
391.0, 291.0
392.0, 290.0
401.0, 290.0
401.0, 288.0
407.0, 288.0
404.0, 285.0

300.0, 297.0
302.0, 298.0
301.0, 299.0
303.0, 300.0
300.0, 303.0
298.0, 303.0
301.0, 299.0

270.0, 298.0
278.0, 299.0
258.0, 303.0

65.0, 280.0
57.0, 303.0
45.0, 302.0
52.0, 284.0

537.0, 277.0
538, 278
537.0, 278.0
536.0, 301.0
533.0, 303.0
527.0, 288
529.0, 279.0
537.0, 278.0
537.0, 277.0
530.0, 273.0
532.0, 265.0
513.0, 257.0
512.0, 253.0
533.0, 259.0
532.0, 265.0
537.0, 267.0

413.0, 299.0
415.0, 299.0
413.0, 300.0
413.0, 301.0
410.0, 302
413.0, 300.0

349.0, 292.0
352.0, 296.0
356.0, 297.0
357.0, 298.0
354.0, 299.0
356.0, 301.0
354.0, 302.0
352.0, 300.0
354.0, 299.0
352.0, 296.0
345.0, 295.0
344.0, 293.0

134.0, 297.0
144.0, 294.0
141.0, 292.0
153.0, 285.0
151.0, 284.0
160.0, 276.0
154.0, 275.0
169.0, 261.0
178.0, 263.0
160.0, 276.0
166.0, 278.0
153.0, 285.0
162.0, 289.0
144.0, 294.0
154.0, 299.0
129.0, 300.0

449.0, 288.0
450.0, 289.0
430.0, 301.0
429.0, 294.0
437, 290
435.0, 290.0
437.0, 289.0

345.0, 295.0
352.0, 300.0
351.0, 301.0

316.0, 291.0
319.0, 293.0
315.0, 293.0
317.0, 301.0
316.0, 301.0
313.0, 300.0
307.0, 297.0
312.0, 293.0
315.0, 293.0
314.0, 291.0

370.0, 299.0
372.0, 300.0
371.0, 300.0

359.0, 298.0
359.0, 299.0
358.0, 300.0
357.0, 298.0
357.0, 297.0
356.0, 297.0
355.0, 296.0
350.0, 292.0
349.0, 292.0
354.0, 295.0
355.0, 296.0

123.0, 300.0
130.0, 298.0
125.0, 300.0

359.0, 298.0
360.0, 299.0
359.0, 299.0
360.0, 298.0

431.0, 270.0
428.0, 267.0
430.0, 266.0
434.0, 267.0
431.0, 270.0
433.0, 271.0
428.0, 273.0
427.0, 275.0
428.0, 286.0
424.0, 287.0
428.0, 288.0
428.0, 289.0
417.0, 289.0
422.0, 296.0
418.0, 298.0
412.0, 292.0
414.0, 289.0
417.0, 289.0
416.0, 288.0
416.0, 287.0
424.0, 287.0
418.0, 285.0
427.0, 275.0
427.0, 274.0

189.0, 282.0
191.0, 282.0
195, 292
193.0, 298.0
181.0, 298.0
173.0, 294.0
184.0, 283.0

284.0, 294.0
290.0, 295.0
290.0, 296.0
287.0, 297.0

212.0, 292.0
216.0, 297.0
205.0, 297.0

305.0, 294.0
304.0, 296.0
301.0, 294.0

486.0, 282.0
480.0, 296.0
475.0, 291.0
473.0, 285.0
475.0, 283.0

473.0, 283.0
473.0, 285.0
471.0, 288.0
475.0, 291.0
476.0, 295.0
471.0, 294.0
469.0, 291.0
471.0, 288.0
466.0, 283.0

301.0, 294.0
297.0, 295.0
296.0, 294.0
300.0, 294.0
292.0, 290.0
291.0, 288.0
296.0, 285.0
290.0, 284.0
290.0, 283.0
302.0, 277.0
294.0, 269.0
300.0, 267.0
294.0, 263.0
294.0, 262.0
291.0, 260.0
292.0, 260.0
295.0, 261.0
294.0, 262.0
300.0, 267.0
305.0, 270
309.0, 273.0
309.0, 274.0
302.0, 277.0
306.0, 281.0
296.0, 285.0
310.0, 288.0
306.0, 293.0
304.0, 294.0

537.0, 267.0
567.0, 279.0
564.0, 285.0
546.0, 295.0
537.0, 268.0

366.0, 293.0
362.0, 295.0
365.0, 291.0

280.0, 293.0
280.0, 295.0
276.0, 295.0

241.0, 292.0
243.0, 292.0
242.0, 294.0

287.0, 287.0
289.0, 289.0
288.0, 289.0
289.0, 294.0
285.0, 294.0
283.0, 292
284.0, 291.0
288.0, 289.0

95.0, 266.0
98.0, 267.0
99.0, 269.0
99.0, 271.0
87.0, 275.0
68.0, 293
68.0, 279.0
87.0, 275.0

463.0, 284.0
469.0, 291.0
468.0, 293.0
459.0, 290.0
454.0, 287.0
459.0, 284.0

388.0, 292.0
386.0, 293.0
383.0, 291.0
388.0, 290.0

343.0, 289.0
349.0, 292.0
343.0, 292.0
344.0, 293.0
343.0, 293.0
342.0, 292.0
343.0, 292.0
342.0, 291.0
342.0, 289.0

255.0, 277.0
258.0, 278.0
257.0, 280.0
253.0, 284.0
250.0, 285.0
252.0, 286.0
245.0, 293.0
243.0, 292.0
248.0, 286.0
250.0, 285.0
249.0, 285.0

333.0, 292.0
320.0, 290.0
330.0, 288.0
324.0, 284.0
325.0, 283.0
332.0, 288.0
330.0, 288.0
336.0, 292.0

359.0, 282.0
363.0, 281.0
361.0, 280.0
362.0, 279.0
364.0, 281.0
363.0, 281.0
369.0, 283.0
369.0, 284.0
364.0, 291.0
365.0, 291.0

411.0, 290.0
411.0, 292.0
409.0, 290.0

341.0, 290.0
342.0, 291.0
342.0, 292.0
339.0, 290.0

375.0, 290.0
374.0, 289.0
376.0, 287.0
379.0, 289.0
375.0, 290.0
374.0, 291.0
360.0, 291.0

335.0, 287.0
339.0, 290.0
337.0, 291.0
332.0, 288.0

290.0, 289.0
292.0, 290.0
293.0, 291.0

169.0, 287.0
165.0, 291.0
162.0, 289.0

140.0, 278.0
147.0, 282.0
142.0, 286.0
138.0, 290.0
129.0, 285.0

233.0, 277.0
234.0, 277.0
238.0, 284.0
231.0, 290.0
218.0, 288.0

310.0, 278.0
312.0, 284.0
311.0, 286.0
313.0, 287.0
313.0, 289.0
310.0, 288.0
311.0, 286.0
306.0, 281.0

400.0, 286.0
401.0, 288.0
395.0, 289.0

241.0, 281.0
249.0, 285.0
248.0, 286.0
240.0, 289.0
238.0, 284.0

343.0, 285.0
342.0, 287
340.0, 286.0

450.0, 282.0
458.0, 278.0
451.0, 269.0
449.0, 268.0
448.0, 268.0
448.0, 267.0
449.0, 268.0
451.0, 269.0
459.0, 277.0
458.0, 278.0
462.0, 282.0
459.0, 284.0
451.0, 285.0

439.0, 264.0
438.0, 264.0
440.0, 267.0
441.0, 267.0
440.0, 268.0
445.0, 280.0
449.0, 283.0
447.0, 284.0
448.0, 285.0
444.0, 285.0
447.0, 284.0
445.0, 280.0
433.0, 271.0
440.0, 268.0
440.0, 267.0
434.0, 267.0
435.0, 265.0
441.0, 264.0
437.0, 264.0
438.0, 262.0
436.0, 258.0
435.0, 257.0
435.0, 256.0
436.0, 256.0
434.0, 254.0
431.0, 248.0
432.0, 247.0
429.0, 244
423.0, 229.0
422.0, 229.0
422.0, 226.0
421.0, 226.0
423.0, 229.0
443.0, 235.0
444.0, 242.0
432.0, 247.0
438.0, 255.0
436.0, 256.0
437.0, 257.0
436.0, 258.0

343.0, 269.0
344.0, 269.0
344.0, 274.0
357.0, 279.0
357.0, 282.0
344.0, 285.0
343.0, 283.0
344.0, 274.0
339.0, 272.0

450.0, 282.0
450.0, 284.0
449.0, 283.0

275.0, 276.0
283.0, 283.0
285.0, 283.0
284.0, 284.0
283.0, 283.0
275.0, 281.0
274.0, 281.0
271.0, 277.0

260.0, 274.0
262.0, 275.0
259.0, 278.0
266.0, 280.0
256.0, 283.0
257.0, 280.0
259.0, 278.0
258.0, 278.0

367.0, 280.0
369.0, 283.0
364.0, 281.0

426.0, 267.0
427.0, 274.0
410.0, 282.0
409.0, 280.0
408.0, 273.0
414.0, 270.0

359.0, 281.0
359.0, 282.0
357.0, 282.0

290.0, 260.0
287.0, 261.0
290.0, 265.0
288.0, 271.0
285.0, 272.0
287.0, 275
287.0, 278
285.0, 282.0
282.0, 273.0
285.0, 272.0
282.0, 263.0
287.0, 261.0
282.0, 257.0
283.0, 256.0
281.0, 256.0
282.0, 255.0
284.0, 256.0

153.0, 275.0
154.0, 275.0
147.0, 282.0

447.0, 265.0
470.0, 267.0
470.0, 269.0
476.0, 269.0
471.0, 272.0
472.0, 276.0
464.0, 281.0
459.0, 277.0
471.0, 272.0
470.0, 269.0
449.0, 268.0

331.0, 278.0
333.0, 281
330.0, 279.0

321.0, 273.0
323.0, 270.0
325.0, 272.0
321.0, 273.0
330.0, 279.0
328.0, 280.0
319.0, 275.0

195.0, 266.0
199.0, 267.0
196.0, 271.0
202.0, 278.0
196.0, 280.0
195.0, 271.0
196.0, 271.0
195.0, 270.0

395.0, 265.0
397.0, 273.0
392.0, 274.0
395.0, 277.0
393.0, 279.0
385.0, 277.0
385.0, 276.0
392.0, 274.0
386.0, 269.0

560.0, 188.0
562.0, 189.0
560.0, 190.0
561.0, 191.0
548.0, 198.0
567.0, 201.0
579.0, 218.0
562.0, 227.0
585.0, 244.0
583.0, 249.0
610.0, 265.0
607.0, 279.0
576.0, 270.0
574.0, 267.0
583.0, 249.0
559.0, 234.0
557.0, 229.0
562.0, 227.0
553.0, 220.0
544.0, 200.0
548.0, 198.0
546.0, 197.0
560.0, 190.0
559.0, 189.0

374.0, 274.0
376.0, 274.0
373.0, 279.0
372.0, 279.0
369.0, 277.0

315.0, 276.0
317.0, 278.0
314.0, 277.0

354.0, 260.0
355.0, 261.0
362.0, 271.0
364.0, 271.0
365.0, 274.0
369.0, 277.0
366.0, 278.0
365.0, 275
365.0, 274.0
362.0, 272
362.0, 271.0
359.0, 270.0
356.0, 268.0
355.0, 261.0
352.0, 261.0

191.0, 265.0
192.0, 266.0
195.0, 270.0
195.0, 271.0
189.0, 278.0
186.0, 270.0

345.0, 267.0
351.0, 268.0
356.0, 276.0
357.0, 276.0
357.0, 277.0
356.0, 276.0
344.0, 269.0
344.0, 267.0

396.0, 264.0
406.0, 265.0
407.0, 271.0
406.0, 271.0
403.0, 272.0
403.0, 273.0
398.0, 276.0
397.0, 273.0
403.0, 272.0

314.0, 271.0
316.0, 270.0
306.0, 264.0
319.0, 260.0
314.0, 258.0
321.0, 259.0
319.0, 260.0
321.0, 260.0
326.0, 265.0
323.0, 267.0
319, 265
321.0, 268.0
316.0, 270.0
321.0, 273.0
320.0, 274.0
318.0, 275.0

217.0, 270.0
222.0, 271.0
224.0, 272.0
214.0, 275.0

297.0, 257.0
298.0, 258.0
296.0, 259.0
305.0, 265.0
303.0, 266.0
308.0, 269.0
309.0, 272.0
310.0, 273.0
309.0, 273.0
309.0, 272.0
305.0, 270
300.0, 267.0
303.0, 266.0
295.0, 261.0
296.0, 259.0
296.0, 258.0

538.0, 253.0
559.0, 266.0
564.0, 267.0
570, 273
559.0, 266.0
537.0, 260.0

307.0, 266.0
314.0, 271.0
313.0, 272.0
308.0, 269.0

405.0, 260.0
422.0, 262.0
423.0, 263.0
417.0, 266.0
421.0, 266.0
414.0, 270.0
407.0, 271.0
417.0, 266.0
406.0, 265.0

96.0, 265.0
97.0, 264.0
95.0, 264.0
85.0, 251
83.0, 250.0
84.0, 249.0
80.0, 244.0
79.0, 244.0
79.0, 243.0
73.0, 242.0
71.0, 238.0
73.0, 235.0
66.0, 226
64.0, 221.0
76.0, 217.0
80.0, 217.0
81.0, 216.0
91.0, 212.0
93.0, 208.0
97.0, 210.0
91.0, 212.0
90.0, 216.0
80.0, 217.0
73.0, 235.0
79.0, 243.0
78.0, 243.0
80.0, 244.0
87.0, 246.0
84.0, 249.0
85.0, 251
99.0, 258.0
99.0, 262.0
97.0, 264.0
99.0, 265.0
99.0, 268.0
103.0, 270.0
101.0, 271.0
99.0, 269.0
99.0, 268.0

263.0, 267.0
261.0, 269.0
254.0, 271.0
246.0, 267.0
247.0, 266.0
260.0, 263.0
256.0, 260.0
257.0, 259.0
253.0, 254.0
249.0, 254.0
238.0, 244.0
244.0, 242.0
253.0, 254.0
263.0, 255.0
257.0, 259.0

501.0, 259.0
498.0, 270.0
492.0, 269.0
494.0, 263.0

479.0, 268.0
485.0, 268.0
485.0, 269.0
483.0, 270.0
476.0, 269.0

337.0, 266.0
330.0, 269.0
327.0, 265.0
331.0, 263.0

116.0, 267.0
121.0, 269.0
113.0, 267.0

347.0, 261.0
352.0, 261.0
349.0, 264.0
356.0, 268.0
356.0, 269.0
351.0, 268.0
349.0, 264.0
348.0, 263.0

107.0, 266.0
113.0, 267.0
106.0, 269.0

324.0, 261.0
329.0, 262.0
327.0, 265.0
326.0, 266.0
329.0, 268.0
325.0, 267.0
326.0, 266.0
326.0, 265.0
327.0, 265.0

291.0, 261.0
294.0, 263.0
292.0, 267.0
290.0, 265.0

225.0, 252.0
249.0, 254.0
256.0, 260.0
247.0, 266.0
245.0, 267.0
224.0, 256.0
223.0, 256.0

267.0, 261.0
263.0, 266.0
260.0, 263.0

444.0, 263.0
445.0, 263.0
447.0, 265.0
446.0, 265.0

603.0, 207.0
605.0, 207.0
590.0, 235.0
607.0, 261
610.0, 264.0
610.0, 265.0
607.0, 261
585.0, 244.0
590.0, 235.0
579.0, 218.0

343.0, 244.0
343.0, 245.0
342.0, 245.0
341.0, 246.0
338.0, 247.0
339.0, 248.0
335.0, 253.0
335.0, 254.0
340.0, 258.0
336.0, 260.0
345.0, 261.0
345.0, 262.0
339.0, 265.0
333.0, 264.0
331.0, 262.0
336.0, 260.0
331.0, 260.0
335.0, 254.0
334.0, 254.0
335.0, 253.0
333.0, 253.0
329.0, 250.0
338.0, 247.0
338.0, 246.0
342.0, 245.0

380.0, 245.0
389.0, 256.0
387.0, 259.0
392.0, 259.0
394.0, 262.0
394.0, 264.0
384.0, 263.0
387.0, 259.0
382.0, 258.0

182.0, 250.0
195.0, 250.0
195.0, 251.0
189.0, 255.0
195.0, 258.0
195.0, 262.0
191.0, 264.0
186.0, 257.0
189.0, 255.0
181.0, 251.0
180.0, 251.0

423.0, 262.0
427.0, 263.0
424.0, 264.0
423.0, 263.0

406.0, 233.0
392.0, 253.0
393.0, 259.0
404.0, 260.0
396.0, 264.0
394.0, 262.0
393.0, 259.0
392.0, 259.0
389.0, 256.0
392.0, 253.0
389.0, 241.0

299.0, 252.0
298.0, 254.0
305.0, 256.0
300.0, 258.0
305.0, 258.0
306.0, 264.0
307.0, 264.0
298.0, 258.0
300.0, 258.0
297.0, 257.0
298.0, 254.0
294.0, 254.0

367.0, 251.0
374.0, 257.0
382.0, 258.0
383.0, 263.0
380.0, 263.0
374.0, 257.0
359.0, 256.0
360.0, 255.0

76.0, 251.0
78.0, 248.0
75.0, 246.0
73.0, 243.0
71.0, 243.0
71, 242
73.0, 242.0
73.0, 243.0
79.0, 244.0
78.0, 248.0
83.0, 250.0
79.0, 257.0
91.0, 263.0
73.0, 260.0
75.0, 254.0
70.0, 251.0
71.0, 244.0
69.0, 244.0
70.0, 242.0
65.0, 241.0
40.0, 229.0
62.0, 222.0
60, 219
63.0, 219.0
60.0, 211.0
76.0, 200.0
86.0, 205.0
81.0, 216.0
76.0, 217.0
63.0, 219.0
64.0, 221.0
62.0, 222.0
66.0, 226
71.0, 238.0
70.0, 242.0
71.0, 243.0
71.0, 244.0
75.0, 246.0
76.0, 251.0
75.0, 254.0
79.0, 256.0

326.0, 259.0
331.0, 260.0
329.0, 261.0

467.0, 241.0
465.0, 244
468.0, 258.0
454.0, 261.0
465.0, 244
464.0, 243.0

166.0, 261.0
149.0, 257.0
177.0, 250.0

351.0, 255.0
353.0, 258.0
347.0, 261.0
345.0, 258.0
345.0, 255.0

344.0, 256.0
345.0, 258.0
345.0, 261.0
340.0, 258.0

195.0, 250.0
206.0, 251.0
205.0, 252.0
199, 254
204.0, 253.0
205.0, 252.0
207.0, 251.0
209.0, 251.0
204.0, 253.0
197.0, 259.0
198.0, 260.0
196.0, 261
197.0, 259.0
195.0, 258.0

272.0, 248.0
273.0, 249.0
270.0, 256.0
271.0, 256.0
268.0, 260.0
270.0, 256.0
263.0, 255.0

286.0, 257.0
287.0, 257.0
291.0, 259.0
291.0, 260.0

179.0, 249.0
182.0, 250.0
180.0, 251.0
181.0, 251.0
186.0, 257.0
182.0, 260.0
178.0, 253.0
180.0, 251.0

533.0, 256.0
534.0, 259.0
533.0, 259.0

52.0, 192.0
66.0, 195.0
55.0, 198.0
60.0, 211.0
36.0, 227.0
40.0, 229.0
35, 231
47.0, 238.0
65.0, 241.0
69.0, 244.0
67.0, 249.0
70.0, 251.0
70.0, 259.0
63.0, 258.0
67.0, 249.0
47.0, 238.0
26, 234
36.0, 227.0
29.0, 224.0
39.0, 203.0
55.0, 198.0

313.0, 253.0
319.0, 256.0
322.0, 259.0
320.0, 259.0

79.0, 243.0
90.0, 216.0
99.0, 215.0
99.0, 211.0
106.0, 214.0
99.0, 215.0
99.0, 226
88.0, 243.0
99.0, 244.0
99.0, 248.0
111.0, 250.0
102.0, 259.0
99.0, 258.0
99.0, 248.0
87.0, 246.0
88.0, 243.0

282.0, 256.0
282.0, 257.0
280.0, 257.0
280.0, 256.0
279.0, 256.0
278.0, 252.0
281.0, 256.0

355.0, 251.0
362.0, 247.0
366.0, 250.0
360.0, 255.0
357.0, 256.0

445.0, 251.0
446.0, 253.0
439.0, 256.0
438.0, 255.0

433.0, 253.0
434.0, 254.0
435.0, 256.0

311.0, 251.0
315.0, 253.0
304.0, 256.0
303.0, 251.0

283.0, 254.0
285.0, 255.0
286.0, 256.0
285.0, 256.0
285.0, 255.0
282.0, 254.0

354.0, 247.0
354.0, 249.0
355.0, 251.0
354.0, 251.0
355.0, 255.0
351.0, 255.0
349.0, 253.0
354.0, 251.0
354.0, 249.0
353.0, 247.0

508.0, 235.0
509.0, 235.0
525.0, 245.0
522.0, 246.0
510.0, 249.0
511.0, 252.0
510.0, 253.0
512.0, 253.0
508.0, 255.0
506.0, 254.0
510.0, 253.0
503.0, 251.0
503.0, 250.0
510.0, 249.0
506.0, 240.0
506.0, 238.0

503.0, 251.0
503.0, 253.0
506.0, 254.0
505.0, 255.0
502.0, 254.0
503.0, 253.0
500.0, 251.0

289.0, 248.0
290, 249
293.0, 249.0
293.0, 253.0
289.0, 252.0
286.0, 250.0

326.0, 250.0
319.0, 252.0
316.0, 252.0
313.0, 248.0
322.0, 246.0
306.0, 236.0
308.0, 232.0
306.0, 230.0
312.0, 224.0
319.0, 216.0
323.0, 222.0
311.0, 225.0
308.0, 232.0

499.0, 251.0
500.0, 251.0
499.0, 252.0

279.0, 245.0
286.0, 250.0
286.0, 251.0
287.0, 252.0
285.0, 251.0
286.0, 251.0

178.0, 250.0
180.0, 251.0
178.0, 252.0
177.0, 250.0

498.0, 250.0
497.0, 250.0
498.0, 251.0
499.0, 251.0
496.0, 252.0
497.0, 250.0
489.0, 247.0
473.0, 243.0
473.0, 241.0
489.0, 247.0

214.0, 251.0
216.0, 250.0
214.0, 252.0

305.0, 238.0
313.0, 248.0
310.0, 249.0
312.0, 251.0
311.0, 251.0
308.0, 250.0
310.0, 249.0
304.0, 242.0

273.0, 249.0
274.0, 248.0
275.0, 250.0

273.0, 249.0
275.0, 250.0
274.0, 251

175.0, 244.0
179.0, 248.0
178.0, 249.0
179.0, 249.0
177.0, 250.0
178.0, 249.0
177.0, 249.0

273.0, 248.0
273.0, 249.0
271.0, 248.0

226.0, 245.0
220.0, 248.0
220.0, 249.0
218.0, 249.0
220.0, 248.0
219.0, 247.0

418.0, 228.0
422.0, 229.0
423.0, 237.0
429.0, 244
431.0, 248.0
430.0, 248.0
423.0, 236.0
423.0, 237.0
422.0, 235

529.0, 243.0
531.0, 248.0
525.0, 245.0

275.0, 246.0
274.0, 248.0
273.0, 247.0

222.0, 230.0
224.0, 233.0
222.0, 235.0
229.0, 237.0
219.0, 247.0
216.0, 241.0
222.0, 235.0
217.0, 234.0

266.0, 237.0
269.0, 239.0
272.0, 246.0
269.0, 244
263.0, 237.0

149.0, 210.0
150.0, 211.0
146.0, 216.0
155.0, 218.0
174.0, 242.0
175.0, 244.0
170.0, 246.0
134.0, 228.0
146.0, 216.0
131.0, 212.0

107.0, 215.0
134.0, 228.0
116.0, 245.0
99.0, 244.0
99.0, 226

349.0, 235.0
352.0, 238.0
349.0, 239.0
351.0, 242.0
346.0, 244.0
347.0, 239.0
349.0, 239.0
348.0, 236.0

473.0, 236.0
470.0, 238.0
469.0, 239.0
470.0, 239.0
469.0, 240.0
471.0, 242.0
467.0, 241.0
468.0, 241.0
469.0, 240.0
469.0, 239.0
468.0, 239.0
470.0, 238.0
473.0, 233.0

232.0, 239.0
233.0, 240.0
230.0, 242.0

322.0, 214.0
323.0, 215.0
328.0, 216.0
332.0, 219.0
327.0, 221.0
341.0, 241.0
337, 242
335.0, 242.0
323.0, 222.0
327.0, 221.0
323.0, 215.0
321.0, 215.0

297.0, 235.0
299.0, 237.0
296.0, 240
295.0, 242.0
294.0, 242.0
296.0, 240
297.0, 235.0
293.0, 231.0
296.0, 229.0
296.0, 226.0
297.0, 228.0
297.0, 229.0
296.0, 229.0
297.0, 230.0

379.0, 239.0
379.0, 240.0
377.0, 242.0
376.0, 240.0

269.0, 239.0
269.0, 238.0
267.0, 236.0
268.0, 236.0
269.0, 238.0
271.0, 240

236.0, 239.0
240.0, 240.0
235.0, 242.0
233.0, 240.0

353.0, 238.0
355.0, 240.0
353.0, 241.0

377.0, 231.0
378.0, 232.0
371.0, 234.0
372.0, 236.0
356.0, 241.0
355.0, 240.0
371.0, 234.0
370.0, 233.0

281.0, 235.0
285.0, 237.0
283, 240
281.0, 241.0
279.0, 239.0

241.0, 239.0
242.0, 240.0
240.0, 240.0

507.0, 235.0
506.0, 238.0
506.0, 239.0
505.0, 238.0

347.0, 234.0
348.0, 236.0
347.0, 238.0

198.0, 229.0
203.0, 230.0
194.0, 238.0
194.0, 233.0

292.0, 230.0
293.0, 231.0
286.0, 237.0
285.0, 237.0
290.0, 230.0

212.0, 232.0
217.0, 234.0
214.0, 236.0

474.0, 231.0
481.0, 232.0
475.0, 235.0
473.0, 234.0

395.0, 231
387.0, 235.0
387.0, 234.0

208.0, 225.0
211.0, 230.0
209.0, 232.0
212.0, 232.0
204.0, 235.0
209.0, 232.0
203.0, 230.0

511.0, 217.0
512.0, 217.0
511.0, 218.0
513.0, 219.0
514.0, 219.0
514.0, 220.0
517.0, 223.0
509.0, 234.0
507.0, 234.0
508.0, 233.0
514.0, 220.0
513.0, 219.0
511.0, 219.0

386.0, 232.0
378.0, 234.0
378.0, 232.0
386.0, 229.0

511.0, 221.0
508.0, 233.0
507.0, 234.0
502.0, 230.0
499.0, 224.0
504.0, 221.0

466.0, 230.0
468.0, 231.0
463.0, 233.0

445.0, 215.0
457.0, 223.0
453.0, 223.0
459.0, 230.0
462.0, 230.0
462.0, 233.0
463.0, 233.0
459.0, 230.0
442.0, 228.0
441.0, 223.0
453.0, 223.0

347.0, 233.0
332.0, 219.0
341.0, 217.0
328.0, 216.0
324.0, 212.0
325.0, 210.0
335.0, 206.0
340.0, 217.0

247.0, 222.0
246.0, 222.0
246.0, 221
245.0, 220.0
248.0, 217.0
243.0, 214.0
250.0, 207.0
246.0, 207.0
250.0, 204.0
253.0, 205.0
250.0, 207.0
251.0, 208.0
247.0, 210.0
251.0, 214.0
248.0, 217.0
253.0, 219.0
246.0, 222.0
255.0, 228.0
254.0, 229.0
260.0, 233.0
258.0, 233.0

240.0, 224.0
241.0, 224.0
239.0, 227.0
248.0, 232.0
246.0, 233.0
237.0, 228.0
239.0, 227.0
238, 226
237.0, 228.0
237.0, 229.0
235.0, 232.0
235.0, 231.0
237.0, 229.0
237.0, 228.0
233.0, 226.0

291.0, 229.0
290.0, 230.0
282.0, 232.0
286.0, 224.0

262.0, 224.0
264.0, 225.0
266.0, 231.0
261.0, 232.0
255.0, 228.0

476.0, 218.0
481.0, 221.0
480.0, 222.0
474.0, 222.0
474.0, 228.0
468.0, 231.0
466.0, 229.0
472.0, 222.0
474.0, 222.0
474.0, 220.0

247.0, 222.0
244.0, 222.0
254.0, 229.0
250.0, 231.0
241.0, 224.0
242.0, 223.0
244.0, 222.0
243.0, 222.0
245.0, 220.0

538.0, 220.0
540.0, 221.0
538.0, 230.0

525.0, 194.0
539.0, 196.0
539.0, 198.0
530.0, 202.0
533.0, 204.0
522.0, 210.0
523.0, 211.0
519.0, 213.0
525.0, 230.0
517.0, 223.0
518, 221
514.0, 219.0
516.0, 215.0
519.0, 213.0
519.0, 212.0
522.0, 210.0
519.0, 208.0
519.0, 207.0
530.0, 202.0
524.0, 197.0

410.0, 226.0
411.0, 226.0
408.0, 230.0
405.0, 227.0

229.0, 224.0
231.0, 226.0
230.0, 227.0
223.0, 229.0

299.0, 224.0
301.0, 225.0
299.0, 227.0
299.0, 228.0
297.0, 228.0
299.0, 227.0

292.0, 222.0
294.0, 225.0
292.0, 227.0
287.0, 223.0

421.0, 221.0
421.0, 222.0
420.0, 222.0
421.0, 224.0
416.0, 224.0
416.0, 225.0
421.0, 226.0
418.0, 227.0
416.0, 225.0
413.0, 225.0
413.0, 224.0
416.0, 224.0
415.0, 223.0
416.0, 223.0
420.0, 222.0

499.0, 222.0
499.0, 224.0
495.0, 226.0
493.0, 225.0

493.0, 225.0
492.0, 226.0
485.0, 223.0
488.0, 222.0

214.0, 205.0
218.0, 208.0
217.0, 209.0
221.0, 213.0
217.0, 217.0
225.0, 221.0
217.0, 226.0
212.0, 222.0
217.0, 217.0
212.0, 214.0
217.0, 209.0

460.0, 223.0
461.0, 225.0
457.0, 223.0

412.0, 224.0
411.0, 225.0
411.0, 224.0

264.0, 216.0
266.0, 222.0
264.0, 224.0
264.0, 225
263.0, 224.0
264.0, 224.0
261.0, 217.0

400.0, 223.0
402.0, 225.0
398.0, 225.0

406.0, 225.0
401.0, 225.0
404.0, 224.0

408.0, 224.0
411.0, 224.0
407.0, 225.0

415.0, 223.0
413.0, 224.0
412.0, 224.0

440.0, 215.0
440.0, 216.0
424.0, 221.0
428.0, 222.0
424.0, 224.0
422.0, 224.0
421.0, 222.0
424.0, 221.0
424.0, 220.0
436.0, 215.0

440.0, 217.0
441.0, 223.0
432.0, 224.0
428.0, 222.0

226.0, 220.0
229.0, 223.0
225.0, 221.0

507.0, 218.0
508.0, 219.0
504.0, 221.0
500.0, 221.0

360.0, 212.0
354.0, 214.0
358.0, 219.0
361.0, 219.0
360.0, 221.0
358.0, 219.0
351.0, 218.0
350.0, 215.0
354.0, 214.0
350.0, 210.0
350.0, 209.0

510.0, 218.0
511.0, 219.0
511.0, 220.0
508.0, 219.0

166.0, 188.0
171.0, 191.0
163.0, 198.0
187.0, 201.0
193.0, 205.0
160.0, 209.0
165.0, 220.0
155.0, 218.0
150.0, 211.0
152.0, 210.0
160.0, 209.0
158.0, 204.0
163.0, 198.0
155.0, 197.0
153.0, 192.0

240.0, 216.0
240.0, 217.0
239.0, 219.0
238.0, 218.0

380.0, 204.0
382.0, 206.0
380, 207
383.0, 218.0
375.0, 216.0
373.0, 209.0
380.0, 207.0

309.0, 199.0
310.0, 202.0
304.0, 203.0
303.0, 211.0
304.0, 211.0
303.0, 213.0
313.0, 214.0
301.0, 218.0
302.0, 214
303.0, 213.0
302.0, 213.0
303.0, 211.0
294.0, 210.0
296.0, 206.0
295.0, 206.0
304.0, 203.0
305.0, 201.0

255.0, 205.0
257.0, 205.0
258.0, 207.0
257.0, 208.0
258.0, 208.0
261.0, 217.0
256.0, 218.0
251.0, 214.0
257.0, 208.0
251.0, 208.0

495.0, 213.0
502.0, 215.0
497.0, 218.0

292.0, 212.0
292.0, 213.0
291.0, 216.0
287.0, 211.0

243.0, 214.0
239.0, 211.0
245.0, 208.0
244.0, 207.0
230.0, 205.0
233.0, 202.0
239.0, 203.0
244.0, 207.0
246.0, 207.0
245.0, 208.0
247.0, 210.0

227.0, 207.0
236.0, 214.0
233.0, 215.0
225.0, 209.0

417.0, 199.0
426.0, 204.0
420.0, 212.0
420, 207
410.0, 215.0
402.0, 201.0
406.0, 200.0

448.0, 205.0
455.0, 208.0
444.0, 213.0
445.0, 214.0
443.0, 213.0
444.0, 213.0
440.0, 209.0

439.0, 209.0
439.0, 211.0
443.0, 213.0
441.0, 214.0
439.0, 212
439.0, 211.0
438.0, 210.0

476.0, 201.0
475.0, 201.0
475.0, 206.0
474.0, 213.0
467.0, 208.0
475.0, 206.0
468.0, 203.0
475.0, 201.0
475.0, 200.0

233.0, 208.0
239.0, 211.0
237.0, 213.0

318.0, 208.0
319.0, 209.0
317.0, 211.0
317.0, 212.0
315.0, 210.0

291.0, 210.0
294.0, 210.0
293.0, 212.0
292.0, 212.0

281.0, 208.0
284.0, 209.0
285.0, 210.0
283.0, 210.0
283.0, 211.0
281.0, 211.0
283.0, 210.0
281.0, 208.0
270.0, 207.0
264.0, 201.0
267.0, 198.0
272.0, 197.0

467.0, 208.0
460.0, 210.0
457.0, 209.0
457.0, 208.0
463.0, 206.0

518.0, 192.0
519.0, 193.0
518.0, 193.0
524.0, 197.0
519.0, 207.0
518.0, 208.0
519.0, 208.0
518.0, 210.0
517.0, 208.0
518.0, 208.0
517.0, 207.0
515.0, 202.0
518.0, 193.0

373.0, 204.0
373.0, 209.0
368.0, 210.0

319.0, 208.0
321.0, 209.0
319.0, 210.0

270.0, 207.0
273.0, 210.0
265.0, 209.0
259.0, 205.0

457.0, 208.0
456.0, 209.0
455.0, 208.0

342.0, 200.0
349.0, 201.0
349.0, 202.0
345.0, 203.0
350.0, 209.0
337.0, 206.0
345.0, 203.0

294.0, 174.0
294.0, 175.0
288.0, 179.0
303.0, 193.0
302.0, 194.0
296.0, 195.0
297.0, 195.0
301.0, 196.0
306.0, 197.0
305.0, 201.0
295.0, 206.0
296.0, 206.0
291.0, 209.0
290.0, 208.0
296.0, 206.0
301.0, 196.0
297.0, 195.0
296.0, 195.0
286.0, 192.0
283.0, 183.0
288.0, 179.0
294.0, 175.0
293.0, 173.0
292.0, 172.0
292.0, 170.0
287.0, 171.0
286.0, 172.0
292.0, 172.0
286.0, 178.0
288.0, 179.0
283.0, 182.0
283.0, 183.0
275.0, 189.0
281.0, 184.0
283.0, 182.0
283.0, 181.0
286.0, 178.0
283.0, 175.0
286.0, 172.0
280.0, 171.0
287.0, 171.0
295.0, 163.0
301.0, 163.0
306.0, 157.0
304.0, 154.0
309.0, 149.0
311.0, 152.0
306.0, 157.0
310.0, 162.0
301.0, 163.0
294.0, 170.0
292.0, 170.0
292.0, 172.0

490.0, 202.0
491.0, 206.0
489.0, 208.0
486.0, 207.0

121.0, 194.0
138.0, 196.0
139.0, 197.0
113.0, 205.0
112.0, 207.0
110.0, 206.0
113.0, 205.0

196.0, 202.0
212.0, 203.0
198.0, 205.0
199.0, 206.0
196.0, 205.0
198.0, 205.0

257.0, 205.0
256.0, 204.0
259.0, 205

223.0, 202.0
223.0, 203.0
222.0, 203.0
224.0, 205.0
221.0, 204.0
222.0, 203.0
221.0, 203.0

539.0, 201.0
539.0, 203.0
534.0, 205.0
533.0, 204.0

190.0, 183.0
192.0, 183.0
192.0, 184.0
203.0, 191.0
209.0, 199.0
217.0, 200.0
221.0, 203.0
215.0, 203.0
216.0, 204.0
213.0, 204.0
213.0, 203.0
215.0, 203.0
210.0, 200.0
209.0, 199.0
192.0, 188.0
192.0, 184.0

487, 195
490.0, 201.0
481.0, 204.0
476.0, 201.0
483, 198
480.0, 198.0
487.0, 194.0

378.0, 184.0
387.0, 185.0
386.0, 186.0
380.0, 186.0
383.0, 190.0
377.0, 192.0
378.0, 196.0
375.0, 200.0
378.0, 203.0
373.0, 204.0
375.0, 200.0
371.0, 196
371.0, 194.0
377.0, 192.0
377.0, 187.0
380.0, 186.0

255.0, 201.0
256.0, 202.0
255.0, 203.0
254.0, 202.0

397.0, 186.0
415.0, 198.0
406.0, 200.0
394.0, 203.0
393.0, 202.0
402.0, 201.0
393.0, 186.0
393.0, 185.0
394.0, 185.0
391.0, 183
390.0, 181.0
392.0, 178.0
400.0, 184.0
399.0, 184.0
394.0, 185.0
395.0, 186.0

213.0, 203.0
212.0, 203.0
205.0, 198.0
209.0, 199.0

98.0, 191.0
99.0, 191.0
98.0, 193.0
99.0, 203.0
95.0, 203.0
98.0, 193.0

355.0, 200.0
357, 202
350.0, 201.0

326.0, 192.0
324.0, 197.0
322.0, 198.0
323.0, 198.0
322.0, 202.0
315.0, 200.0
322.0, 198.0
315.0, 197.0
317.0, 194.0
320.0, 192.0

352.0, 189.0
351.0, 193.0
349.0, 194.0
351.0, 195.0
350.0, 201.0
349.0, 201.0
348.0, 194.0
349.0, 194.0
348.0, 192.0
348.0, 190.0

211.0, 174.0
232.0, 188.0
237.0, 188.0
235.0, 190.0
241.0, 194.0
235.0, 199.0
237.0, 201.0
234.0, 201.0
235.0, 199.0
230.0, 195.0
235.0, 190.0
232.0, 188.0
221.0, 186.0
207.0, 174.0

89.0, 190.0
91.0, 191.0
87.0, 201.0
78.0, 198.0

312.0, 201.0
309.0, 198.0
312.0, 199.0

313.0, 199.0
315.0, 200.0
313.0, 201.0
312.0, 200.0

213.0, 197
219.0, 200.0
217.0, 200.0

264.0, 198.0
262.0, 199.0
262.0, 198.0

453.0, 188.0
463.0, 194.0
457.0, 195.0
466.0, 196.0
459.0, 199.0
455.0, 198.0
454.0, 195.0
457.0, 195.0
454.0, 194.0

254.0, 190.0
260.0, 197.0
260.0, 198.0
258.0, 199.0
257.0, 199.0

261.0, 197.0
262.0, 198.0
259.0, 199.0

307.0, 196.0
310.0, 197.0
311.0, 198.0
309.0, 198.0

348.0, 189.0
348.0, 187.0
352.0, 183
352.0, 189.0
348.0, 189.0
348.0, 190.0
346.0, 190.0
348.0, 192.0
348.0, 194.0
340.0, 198.0
339.0, 196.0
344.0, 191.0

304.0, 194.0
306.0, 196.0
307.0, 196.0
308.0, 197.0
308.0, 198.0
306.0, 197.0
306.0, 196.0
301.0, 196.0
302.0, 194.0

173.0, 189.0
184.0, 198.0
171.0, 191.0

551.0, 176.0
566.0, 179.0
555.0, 182.0
556.0, 184.0
549.0, 184.0
558.0, 188.0
559.0, 189.0
544.0, 195.0
544.0, 197.0
543.0, 197.0
543.0, 196.0
544.0, 195.0
546.0, 185.0
549.0, 184.0
548.0, 184.0
555.0, 182.0

539.0, 187.0
543.0, 196.0
542.0, 197.0
539.0, 196.0

143.0, 177.0
147.0, 178.0
153.0, 192.0
141.0, 196.0
138.0, 196.0
128.0, 182.0
131.0, 178.0

435.0, 192.0
441.0, 192.0
443.0, 193.0
447.0, 196.0
446.0, 196.0

286.0, 194.0
295.0, 195.0
287.0, 196.0

471.0, 193.0
466.0, 195.0
463.0, 194.0

50.0, 186.0
84.0, 190.0
66.0, 195.0
50.0, 187.0

352.0, 183
348.0, 186.0
348.0, 187.0
345.0, 189.0
346.0, 190.0
345.0, 190.0
344.0, 191.0
341.0, 192.0
338.0, 195.0
336.0, 193.0
341.0, 192.0
343.0, 190.0
345.0, 190.0
345.0, 189.0
348.0, 186.0
347.0, 180.0
352.0, 181.0

307.0, 192.0
308.0, 194.0
307.0, 194.0
306.0, 195.0
306.0, 194.0
307.0, 194.0

372.0, 187.0
370.0, 189.0
371.0, 194.0
369.0, 195.0
367.0, 192.0
370.0, 189.0
370.0, 187.0

272.0, 192.0
270.0, 194.0
269.0, 194.0

510.0, 187.0
512.0, 188.0
511.0, 189.0
512.0, 191.0
518.0, 192.0
518.0, 193.0
513.0, 194.0
512.0, 191.0
502.0, 190.0
504.0, 189.0
511.0, 189.0

325.0, 183.0
327.0, 188.0
320.0, 192.0
318.0, 193.0

439.0, 192.0
440.0, 191.0
442.0, 192.0

436.0, 191.0
439.0, 192.0
437.0, 192.0

266.0, 191.0
267.0, 191.0
268.0, 192.0
267.0, 192.0

504, 186
501.0, 190.0
502.0, 190.0
494.0, 192.0
492.0, 192.0
495.0, 190.0
501.0, 190.0
498.0, 189.0

484.0, 187.0
485.0, 187.0
491.0, 191.0
484.0, 192.0
480.0, 188.0

436.0, 191.0
435.0, 192.0
418.0, 186.0
416.0, 183.0

253.0, 183.0
260.0, 185.0
266.0, 191.0
254.0, 190.0
253.0, 190.0
251.0, 185.0

312.0, 170.0
311.0, 175.0
297.0, 173.0
298, 172
296.0, 173.0
297.0, 173.0
295.0, 175.0
305.0, 189.0
304.0, 191.0
294.0, 175.0
295.0, 175.0
294.0, 174.0
296.0, 173.0
293.0, 173.0
292.0, 172.0
294.0, 170.0

455.0, 165.0
466.0, 175.0
469.0, 177.0
476.0, 184.0
476.0, 185.0
477.0, 186.0
480.0, 188.0
475.0, 191.0
476.0, 185.0
468, 184
453.0, 188.0
451.0, 179.0
469.0, 177.0
466.0, 175.0
455, 168
453.0, 166.0
453.0, 165.0

335.0, 178.0
344.0, 179.0
339.0, 182.0
345.0, 189.0
343.0, 190.0
334.0, 191.0
331.0, 187.0
339.0, 182.0

388.0, 185.0
393.0, 186.0
383.0, 190.0
386.0, 186.0

237.0, 173.0
244.0, 180.0
244.0, 181.0
245.0, 181.0
250.0, 186.0
246.0, 189.0
237.0, 188.0
244.0, 181.0
218.0, 174.0

303.0, 142.0
299.0, 144.0
306.0, 146.0
309.0, 149.0
300.0, 150.0
304.0, 154.0
295.0, 163.0
278.0, 164.0
280.0, 171.0
280.0, 172.0
283.0, 175.0
281.0, 176.0
283.0, 181.0
281.0, 184.0
273.0, 189.0
270.0, 188.0
281.0, 176.0
280.0, 172.0
279.0, 171.0
272.0, 165.0
273.0, 165.0
278.0, 164.0
277.0, 161.0
288.0, 151.0
300.0, 150.0
296.0, 145.0
299.0, 144.0
296.0, 143.0
299.0, 140.0
298.0, 140.0
300.0, 139.0
299.0, 140.0

328.0, 188.0
328.0, 189.0
327.0, 188.0

508.0, 182.0
506.0, 184.0
511.0, 187.0
504.0, 189.0
502.0, 189.0
506.0, 184.0
506.0, 183.0

531.0, 181.0
528.0, 187.0
519.0, 188.0
520.0, 185.0

546.0, 185.0
539.0, 187.0
539.0, 185.0

536.0, 180.0
539.0, 181.0
539.0, 185.0
538.0, 186.0

243.0, 162.0
244.0, 166.0
248.0, 167.0
245.0, 167.0
247.0, 172.0
247.0, 173.0
248.0, 176.0
247.0, 178.0
248.0, 182.0
251.0, 183.0
251.0, 185.0
250.0, 186.0
248.0, 182.0
245.0, 181.0
244.0, 180.0
247.0, 178.0
245.0, 173.0
247.0, 173.0
247.0, 172.0
243.0, 168
243.0, 167.0
245.0, 167.0
244.0, 166.0
243.0, 166.0
241.0, 163.0

372.0, 183.0
369.0, 185.0
369.0, 183.0

400.0, 184.0
403.0, 183.0
392.0, 177.0
393.0, 177.0
391.0, 176.0
394.0, 175.0
393.0, 177.0
406.0, 182.0
403.0, 183.0
405.0, 184.0

180.0, 182.0
183.0, 182.0
178.0, 184.0

548.0, 176.0
547.0, 184.0
539.0, 181.0
539.0, 179.0

49.0, 181.0
97.0, 177.0
96.0, 179.0
49.0, 182.0

379.0, 180.0
377.0, 182.0
376.0, 181.0

366.0, 168.0
365.0, 169.0
367.0, 170.0
354.0, 181.0
365.0, 169.0
365.0, 167.0

508.0, 181.0
506.0, 173.0
514.0, 172.0

476.0, 176.0
476.0, 181.0
469.0, 177.0

431.0, 156.0
434.0, 155.0
433.0, 154.0
435.0, 154.0
434.0, 155.0
448.0, 163.0
432.0, 164.0
449.0, 167.0
434.0, 172.0
434.0, 178.0
438.0, 180.0
435.0, 181.0
434.0, 178.0
428.0, 174.0
434.0, 172.0
432.0, 164.0

374.0, 173.0
382.0, 177.0
379.0, 180.0
376.0, 181.0

352.0, 179.0
354.0, 181.0
352.0, 181.0

192.0, 179.0
192.0, 181.0
190.0, 180.0

185.0, 176.0
190.0, 180.0
187.0, 181.0
183.0, 178.0

179.0, 171.0
184.0, 175.0
179.0, 176.0
183.0, 178.0
181.0, 181.0
174.0, 176.0
179.0, 176.0
173.0, 172.0

87.0, 138.0
96.0, 141.0
98, 143
98.0, 147.0
93, 146
98.0, 149.0
98.0, 161.0
62.0, 163.0
53.0, 172.0
49.0, 181.0
48.0, 181.0
47.0, 179.0
53.0, 172.0
57.0, 163.0
62.0, 163.0
82.0, 142.0

534.0, 173.0
539.0, 174.0
539.0, 179.0
536.0, 180.0
534.0, 175.0

449.0, 171.0
451.0, 179.0
443.0, 180.0

105.0, 177.0
104.0, 179.0
98.0, 179.0
98.0, 177.0

274.0, 152.0
277.0, 161.0
273.0, 165.0
272.0, 165.0
268.0, 169.0
281.0, 171.0
265.0, 172.0
258.0, 179.0
252.0, 172.0
265.0, 172.0
268.0, 169.0
256.0, 168.0
258.0, 166.0
272.0, 165.0
265.0, 158.0
270.0, 153.0

126.0, 175.0
122.0, 175.0
125.0, 178.0
106.0, 179.0
110.0, 176.0

526.0, 171.0
532.0, 172.0
534.0, 175.0
532.0, 178.0
522.0, 175.0
523.0, 172.0

155.0, 173.0
159.0, 177.0
147.0, 177.0
149.0, 178.0
147.0, 178.0
146.0, 177.0
147.0, 177.0
146.0, 176.0
145.0, 174.0

417.0, 168.0
428.0, 174.0
418.0, 178.0
408.0, 171.0

319.0, 162.0
317.0, 165.0
319.0, 169.0
316.0, 169.0
322.0, 176.0
322.0, 177.0
312.0, 175.0
315.0, 169.0
316.0, 169.0
315.0, 168.0
317.0, 165.0
316.0, 162.0

195.0, 170.0
199.0, 175.0
192.0, 175.0
192.0, 177.0
191.0, 175.0
192.0, 175.0
192.0, 171.0

388.0, 176.0
390.0, 177.0
388.0, 177.0
387.0, 176.0

586.0, 165.0
550.0, 176.0
549.0, 173.0
549.0, 169.0

389.0, 176.0
389.0, 175.0
387.0, 175.0
386.0, 174.0
386.0, 173.0
387.0, 172.0
385.0, 172.0
382.0, 166.0
393.0, 166.0
395.0, 164.0
398.0, 165
399.0, 166.0
393.0, 166.0
387.0, 172.0
392.0, 174.0
389.0, 175.0
391.0, 176.0

338.0, 166.0
340.0, 168.0
337.0, 168.0
333.0, 176.0
332.0, 174.0
336.0, 168.0
337.0, 168.0

552.0, 153.0
549.0, 169.0
546.0, 169.0
549.0, 173.0
548.0, 175.0
539.0, 174.0
539.0, 170.0
546.0, 169.0
540.0, 160.0

378.0, 161.0
382.0, 166.0
375.0, 167.0
380.0, 170.0
385.0, 172.0
386.0, 173.0
385.0, 174.0
386.0, 174.0
386.0, 175.0
387.0, 175.0
385.0, 174.0
380.0, 170.0
374.0, 168.0
373.0, 167.0
375.0, 167.0
373.0, 165.0

252.0, 172.0
249.0, 175.0
247.0, 173.0

136.0, 170.0
142.0, 174.0
133.0, 175.0

385.0, 174.0
374.0, 170.0
374.0, 168.0

364.0, 167.0
365.0, 168.0
353.0, 174.0
354.0, 168.0

192.0, 167.0
193.0, 169.0
192.0, 170.0
192.0, 171.0
191.0, 171.0
189.0, 173.0
187.0, 171.0
191.0, 171.0
192.0, 170.0

165.0, 167.0
173.0, 172.0
169.0, 172.0
162.0, 168.0

407.0, 158.0
420.0, 161.0
412.0, 165.0
411.0, 165.0
404.0, 169.0
408.0, 171.0
405.0, 172.0
402.0, 169.0
404.0, 169.0
400.0, 167.0
401.0, 165.0
411.0, 165.0
404.0, 161.0

529.0, 147.0
529.0, 150
525.0, 156.0
526.0, 159.0
523.0, 171.0
516.0, 169.0
525.0, 156.0
521.0, 147.0

199.0, 166.0
204.0, 170.0
203.0, 170.0

109.0, 148.0
129.0, 151.0
137.0, 158.0
135.0, 159.0
117.0, 160.0
126.0, 165.0
119.0, 170.0
111.0, 160.0
117.0, 160.0
107.0, 154.0

332.0, 161.0
338.0, 166.0
336.0, 168.0
327.0, 169.0
320.0, 162.0

229.0, 164.0
235.0, 165.0
231.0, 166.0
232.0, 168.0
225.0, 168.0
231.0, 166.0

345.0, 160.0
354.0, 163.0
354.0, 168.0
346.0, 168.0

626, 161
605.0, 167.0
614.0, 162.0

540.0, 161.0
530.0, 167.0
526.0, 159.0
529.0, 150
531.0, 147.0
540.0, 159.0

478.0, 134.0
456.0, 145.0
464.0, 151.0
457.0, 152.0
472.0, 157.0
473.0, 158.0
467.0, 160.0
477.0, 162.0
477.0, 167.0
464.0, 161.0
467.0, 160.0
459.0, 159.0
445.0, 153.0
457.0, 152.0
447.0, 149.0
456.0, 145.0
443.0, 135.0

368.0, 166.0
367.0, 167.0
366.0, 167.0

373.0, 165.0
373.0, 167.0
371.0, 167.0

191.0, 161.0
197.0, 165.0
195.0, 167.0
192.0, 167.0

71.0, 134.0
86.0, 138.0
82.0, 142.0
61.0, 155.0
57.0, 163.0
47.0, 164.0
42.0, 167.0
41.0, 164.0
47.0, 164.0
61.0, 155.0

454.0, 163.0
454.0, 164.0
453.0, 165.0
453.0, 166.0
452.0, 166.0
453.0, 165.0
451.0, 163.0

370.0, 164.0
371.0, 164.0
368.0, 166.0

314.0, 162.0
313.0, 165
310.0, 162.0

422.0, 162.0
434.0, 164.0
426.0, 164.0

237.0, 153.0
239.0, 155.0
241.0, 163.0
238.0, 164.0
228.0, 154.0

446.0, 159.0
451.0, 163.0
448.0, 163.0
447, 160

477.0, 161.0
479.0, 163.0
477.0, 162.0

378.0, 153.0
380.0, 153.0
380.0, 154.0
384.0, 156.0
383.0, 157.0
376.0, 158.0
378.0, 160.0
373.0, 163.0
373.0, 161.0
376.0, 158.0
376.0, 157.0
380.0, 154.0

355.0, 156.0
357.0, 159.0
354.0, 159.0
359.0, 161.0
360.0, 163.0
354.0, 160.0
354.0, 159.0

352.0, 160.0
354.0, 160.0
354.0, 161.0

107.0, 155.0
111.0, 160.0
104.0, 161.0

192.0, 160.0
191.0, 160.0
191.0, 159.0
187.0, 159.0
184.0, 156.0
188.0, 156.0
171.0, 141.0
191.0, 141.0
191.0, 156.0
188.0, 156.0

323.0, 142.0
329.0, 143.0
328.0, 145.0
333.0, 148.0
332.0, 148.0
336.0, 150.0
343.0, 154.0
342.0, 156.0
345.0, 157.0
343.0, 159.0
341.0, 159.0
342.0, 156.0
325.0, 150.0
326.0, 148.0
332.0, 148.0
327.0, 146.0
328.0, 145.0

249.0, 144.0
258.0, 152.0
239.0, 153.0
242.0, 159.0
239.0, 155.0
238.0, 153.0
239.0, 153.0
237.0, 147.0

214.0, 148.0
218.0, 152.0
209.0, 155.0
207.0, 155.0
193.0, 159.0
191.0, 159.0
191.0, 156.0
207.0, 155.0

350.0, 150.0
346.0, 155.0
355.0, 159.0
352.0, 159.0
346.0, 156.0
346.0, 155.0
344.0, 154.0
344.0, 152.0
347.0, 147.0
349.0, 147.0
345.0, 146.0
344.0, 145.0
343.0, 142
338.0, 137.0
343.0, 138.0
343.0, 142
347.0, 147.0

136.0, 152.0
138.0, 152.0
142.0, 154.0
138.0, 157.0
139.0, 159.0
138.0, 159.0
137.0, 158.0
138.0, 157.0

181.0, 156.0
182.0, 158.0
176.0, 157.0

142.0, 154.0
145.0, 156.0
145.0, 157.0
148.0, 158.0
144.0, 158.0
145.0, 157.0

147.0, 153.0
156.0, 154.0
160.0, 158.0
159.0, 158.0
147.0, 154.0

443.0, 153.0
444.0, 153.0
445.0, 155.0

386.0, 154.0
388.0, 155.0
384.0, 157.0
385.0, 157.0
384.0, 156.0

272.0, 151.0
270.0, 153.0
262.0, 156.0
258.0, 152.0

145.0, 154.0
147.0, 154.0
146.0, 155.0

408.0, 136.0
416.0, 139.0
413.0, 141.0
416.0, 143.0
409.0, 150.0
413.0, 150.0
411.0, 153.0
413.0, 155.0
409.0, 155.0
411.0, 153.0
408.0, 151.0
409.0, 150.0
405.0, 149.0
402.0, 147.0
413.0, 141.0
407.0, 137.0
408.0, 136.0
409.0, 136.0
409.0, 135.0
410.0, 136.0

388.0, 152.0
390.0, 154.0
389.0, 154.0
387.0, 153.0

430.0, 145.0
438.0, 149.0
440.0, 152.0
437.0, 153.0
432.0, 154.0
431.0, 153.0

225.0, 150.0
228.0, 154.0
220.0, 154.0
218.0, 152.0

137.0, 152.0
140.0, 152.0
141.0, 153.0

133.0, 146
144.0, 153.0
140.0, 152.0
134.0, 148.0

314.0, 149.0
311.0, 152.0
310.0, 149.0

293.0, 146.0
288.0, 151.0
276.0, 151.0

366, 140
371.0, 143.0
379.0, 144.0
384.0, 150.0
371.0, 143.0
367.0, 142.0

274.0, 150.0
271.0, 139.0
285.0, 139.0
277.0, 136.0
283.0, 134.0
282.0, 134.0
287.0, 136.0
284.0, 139.0

318.0, 147.0
317.0, 147.0
319.0, 149.0
317.0, 149.0

401.0, 132.0
400.0, 132.0
408.0, 136.0
404.0, 136.0
407.0, 137.0
398.0, 144.0
402.0, 147.0
400.0, 148.0
395.0, 147.0
398.0, 144.0
393.0, 140.0
397.0, 136.0
404.0, 136.0
400.0, 133.0

306.0, 146.0
303.0, 142.0
304.0, 142.0
308.0, 143.0
309.0, 147.0

361.0, 137.0
362.0, 141.0
367.0, 142.0
371.0, 148.0
370.0, 148.0
370, 146
368.0, 146.0
362.0, 143.0
362.0, 141.0
359.0, 140.0
353.0, 137.0

438.0, 121.0
446.0, 123.0
435.0, 129.0
443.0, 135.0
437.0, 135.0
442.0, 147.0
433.0, 144.0
429.0, 140.0
428.0, 135.0
437.0, 135.0
434.0, 129.0
435.0, 129.0
434.0, 128.0
433.0, 126.0

314.0, 139.0
317.0, 141.0
319.0, 141.0
318.0, 145.0
317.0, 147.0
314.0, 144.0
317.0, 141.0
311.0, 140.0

344.0, 146.0
345.0, 146.0
347.0, 147.0
344.0, 147.0

557.0, 129.0
554.0, 145.0
547.0, 146.0
553.0, 130.0

378.0, 122.0
374.0, 123.0
396.0, 131.0
400.0, 133.0
397.0, 136.0
387.0, 136.0
393.0, 140.0
388.0, 146.0
379.0, 144.0
372.0, 137.0
387.0, 136.0
370.0, 124.0
374.0, 123.0
368.0, 121.0
372.0, 119.0

502, 103
512.0, 118.0
511.0, 119.0
513.0, 120.0
526.0, 140.0
519.0, 142.0
509.0, 120.0
511.0, 119.0
509.0, 119.0

120, 138
127.0, 142.0
126.0, 142.0

299.0, 138.0
299.0, 139.0
297.0, 139.0
298.0, 140.0
292.0, 141.0
297.0, 139.0
294.0, 138.0
299.0, 138.0
297.0, 137.0
302.0, 138.0

325.0, 138.0
322.0, 141.0
319.0, 140.0
320.0, 138

319.0, 141.0
317.0, 141.0
319.0, 139.0

290.0, 138.0
292.0, 141.0
291.0, 141.0
284.0, 139.0

418.0, 138.0
420.0, 139.0
419.0, 140.0
416.0, 139.0

196.0, 117.0
210.0, 120.0
224.0, 138.0
222.0, 140.0
214.0, 140.0
193.0, 119.0

226.0, 118.0
228.0, 123.0
237.0, 125.0
233.0, 129.0
244.0, 140.0
234.0, 140.0
231.0, 131.0
233.0, 129.0
228.0, 125.0
228.0, 123.0
227.0, 123.0
225.0, 117.0
217.0, 115.0
217.0, 114.0
215.0, 114.0
205.0, 111.0
210.0, 108.0
217.0, 114.0
224.0, 116.0

424.0, 135.0
421.0, 139.0
420.0, 139.0

312.0, 135.0
313.0, 136.0
310.0, 137.0
312.0, 138.0
307.0, 138.0
308.0, 139.0
305.0, 138.0
307.0, 138.0
310.0, 137.0
308.0, 136.0

425.0, 135.0
428.0, 139
424.0, 135.0

304.0, 135.0
305.0, 137.0
302.0, 138.0

541.0, 101.0
541.0, 105.0
540.0, 106.0
535.0, 123.0
540.0, 124.0
540.0, 133.0
539.0, 135.0
532.0, 138.0
535.0, 123.0
513.0, 120.0
512.0, 118.0
540.0, 106.0

332.0, 136.0
341.0, 137.0
332.0, 138.0

269.0, 133.0
277.0, 136.0
270.0, 138.0

174.0, 112.0
181.0, 114.0
189.0, 122.0
166.0, 138.0
160.0, 134.0

304.0, 130.0
307.0, 132.0
305.0, 135.0
308.0, 136.0
306.0, 137.0
304.0, 135.0
305.0, 135.0
296.0, 130.0

352.0, 136.0
353.0, 137.0
351.0, 137.0

325.0, 134.0
325.0, 133.0
324.0, 132.0
327.0, 131.0
331.0, 128.0
332.0, 130.0
327.0, 131.0
325.0, 133.0
326.0, 133.0
325.0, 134.0
324.0, 134.0
326.0, 135.0
322.0, 136.0
324.0, 134.0

282.0, 134.0
283.0, 134.0
286.0, 133.0
287.0, 135.0

321.0, 134.0
323.0, 134.0
321.0, 135.0

333.0, 130.0
334.0, 132.0
331.0, 132.0
329.0, 134.0
327.0, 134.0
326.0, 133.0
331.0, 132.0

427.0, 131.0
427.0, 132.0
425.0, 134

529.0, 77.0
483.0, 102.0
480, 94
480.0, 104.0
466.0, 112.0
479.0, 114.0
478.0, 133.0
446.0, 123.0
466.0, 112.0
450.0, 109.0
454, 105
445.0, 107.0
449.0, 102
456.0, 96.0

432.0, 127.0
434.0, 128.0
434.0, 129.0
428.0, 133.0
427.0, 132.0

322.0, 130.0
324.0, 132.0
321.0, 133.0

143, 115
156.0, 132.0
140.0, 116.0

227.0, 124.0
228.0, 125.0
231.0, 131.0
230.0, 132.0

606.0, 112.0
606.0, 118.0
585.0, 131.0
562.0, 127.0

339.0, 128.0
341.0, 130.0
338.0, 131.0
335.0, 131.0
336.0, 129.0

358.0, 122
359.0, 123.0
357.0, 123.0
357.0, 125.0
342.0, 129.0
342.0, 130.0
341.0, 130.0
342.0, 129.0
342.0, 127.0
357.0, 123.0
358.0, 122.0
351.0, 115.0
358.0, 117.0

289.0, 128.0
288.0, 126.0
292.0, 128.0

240.0, 123.0
257.0, 129.0
237.0, 125.0

487.0, 115.0
509.0, 119.0
509.0, 120.0
491.0, 128.0

420.0, 113.0
417.0, 115.0
426.0, 122.0
418.0, 128.0
412.0, 121.0
417.0, 115.0
415.0, 114.0

346.0, 116.0
341.0, 121.0
341, 119
338.0, 125.0
336.0, 126.0
334.0, 125.0
341.0, 118.0

270.0, 73.0
284.0, 79.0
275.0, 87.0
289.0, 89.0
287.0, 92.0
318.0, 103.0
311.0, 111.0
323.0, 118.0
315.0, 125.0
314.0, 125.0
304.0, 118.0
311.0, 111.0
286.0, 95.0
287.0, 92.0
275.0, 88.0
275.0, 87.0
274.0, 87.0
256.0, 76.0
261.0, 73.0

358.0, 122
358.0, 121.0
360.0, 118.0
358.0, 117.0
357.0, 114.0
360.0, 117.0
360.0, 118.0
364.0, 119.0
366.0, 121.0
359.0, 123.0

115.0, 121.0
113.0, 123.0
112, 122

190.0, 121.0
190.0, 123.0
189.0, 122.0

399.0, 112.0
404.0, 116.0
381.0, 121.0
376.0, 118.0
379.0, 117.0

134.0, 110.0
140.0, 116.0
132.0, 118.0
126.0, 114.0

90, 93
97.0, 97.0
114.0, 101.0
116.0, 106.0
115.0, 107.0
118.0, 109.0
120.0, 115.0
122.0, 116.0
121.0, 117.0
120.0, 115.0
112.0, 110.0
115.0, 107.0
97.0, 97.0
91.0, 96.0
89.0, 95.0

124.0, 113.0
126.0, 114.0
123.0, 116.0

363.0, 112.0
361.0, 114.0
358.0, 113.0

263.0, 99.0
276.0, 114.0
264.0, 106.0
261.0, 102.0

357.0, 112.0
358.0, 113.0
357.0, 113.0

179.0, 81.0
189.0, 93
189.0, 100.0
196.0, 102.0
202.0, 109.0
205.0, 111.0
204.0, 112.0
202.0, 109.0
190.0, 105.0
189.0, 100.0
164.0, 90.0

223.0, 112.0
210.0, 107.0
219.0, 101.0

350.0, 109.0
352.0, 110.0
352.0, 111.0

408.0, 108.0
402.0, 110.0
395.0, 103.0
399.0, 101.0

374.0, 87.0
374.0, 88.0
373.0, 89.0
363.0, 110.0
356.0, 106.0
373.0, 89.0

422.0, 95.0
423.0, 103.0
418.0, 104.0
424.0, 105.0
409.0, 109.0
408.0, 108.0
418.0, 104.0
400.0, 101.0

452.0, 97.0
449.0, 102
443.0, 108.0
441.0, 108.0
427.0, 106.0
428.0, 104.0

424.0, 105.0
427.0, 106.0
424.0, 108.0

174.0, 75.0
177.0, 79.0
154.0, 81.0
163.0, 90.0
164.0, 90.0
164.0, 91.0
179.0, 105.0
178.0, 107.0
174.0, 106.0
161.0, 93.0
164.0, 91.0
163.0, 90.0
155.0, 87.0
150.0, 81.0
154.0, 81.0
149.0, 76.0

303.0, 75.0
311.0, 81.0
323.0, 85.0
331.0, 90.0
328.0, 93.0
340.0, 102.0
339.0, 103.0
340, 103
343.0, 106.0
338.0, 104.0
339.0, 103.0
329.0, 100.0
324.0, 97.0
328.0, 93.0
311.0, 81.0
296.0, 76.0

245.0, 83.0
248.0, 84.0
261.0, 102.0
260.0, 102.0
263.0, 105.0
259.0, 103.0
260.0, 102.0
244.0, 84.0

365.0, 79.0
373.0, 86.0
355.0, 104.0
355.0, 105.0
354.0, 104.0
355.0, 104.0
353.0, 90.0

292.0, 83.0
324.0, 97.0
323.0, 98.0
296, 90
289.0, 89.0

352.0, 67.0
356.0, 71.0
350.0, 71.0
353.0, 90.0
344.0, 98.0
331.0, 90.0
333, 88
323.0, 85.0
307.0, 74.0
324.0, 72.0
350.0, 71.0
349.0, 68.0

107.0, 84.0
112.0, 95.0
81.0, 89.0
76.0, 86.0

241.0, 75.0
243.0, 76.0
243.0, 77.0
244.0, 77.0
249.0, 81.0
247.0, 82.0
249.0, 84.0
248.0, 84.0
247.0, 82.0
245.0, 79.0

214.0, 76.0
221.0, 80.0
211.0, 79.0
210.0, 77.0

241.0, 74.0
252.0, 73.0
256.0, 76.0
251.0, 80.0
244.0, 77.0

83.0, 58.0
97, 60
99.0, 65.0
93, 64
100.0, 66.0
104.0, 77.0
63.0, 78.0
42.0, 64.0

98, 26
149.0, 44.0
151.0, 46.0
123.0, 51.0
143.0, 70.0
149.0, 71.0
147.0, 74.0
149.0, 76.0
145.0, 76.0
147.0, 74.0
143.0, 70.0
139.0, 70.0
121.0, 51.0
123.0, 51.0

296.0, 70.0
299.0, 72.0
290.0, 72.0
289.0, 74.0
285.0, 73.0
290.0, 72.0
292.0, 70.0

161.0, 59.0
174.0, 74.0
149.0, 71.0

232.0, 61.0
252.0, 73.0
241.0, 74.0

205.0, 65.0
208.0, 72.0
208.0, 73.0
209.0, 74.0
211.0, 74.0
208.0, 73.0

225.0, 52.0
230.0, 54.0
269.0, 67.0
264.0, 70.0
269.0, 72.0
254.0, 73.0
260.0, 73.0
264.0, 70.0
230.0, 54.0
225.0, 53.0

569, 66
548.0, 72.0
550.0, 66.0

348.0, 63.0
351.0, 66.0
349.0, 66.0
349.0, 68.0
324.0, 72.0
303.0, 72.0
299.0, 70.0
349.0, 66.0

294.0, 69.0
292.0, 70.0
281.0, 71.0
269.0, 67.0
281.0, 59.0

548.0, 66.0
542.0, 70.0
542.0, 67.0

178.0, 54.0
205.0, 63.0
205.0, 65.0
200.0, 68.0

483.0, 56.0
474.0, 68.0
465.0, 68.0
476.0, 57.0

542, 52
542.0, 61.0
522.0, 67.0
491.0, 68.0
506.0, 55.0

317, 34
323.0, 40.0
295.0, 67.0
281.0, 59.0

542.0, 63.0
542.0, 67.0
531.0, 67.0

194.0, 43.0
197.0, 44.0
198.0, 46.0
199.0, 46.0
205.0, 64.0
205.0, 63.0
198.0, 46.0

216.0, 50.0
219.0, 51.0
222.0, 54.0
222.0, 55.0
218.0, 52.0

188, 17
213.0, 47.0
217.0, 49.0
218.0, 49.0
225.0, 53.0
224.0, 53.0
219.0, 51.0
217.0, 49.0
214.0, 47.0
213.0, 47.0
195.0, 37.0

177, 42
170.0, 49.0
162.0, 44.0

499, 35
491.0, 46.0
487.0, 47.0

529.0, 36.0
543, 38
523.0, 41.0

